[gd_scene load_steps=502 format=3 uid="uid://cj6l3fj26x0qq"]

[ext_resource type="Script" path="res://demos/cubes/cubes.gd" id="1_emjgo"]

[sub_resource type="BoxMesh" id="BoxMesh_dnq1v"]

[sub_resource type="BoxMesh" id="BoxMesh_dn2pf"]

[sub_resource type="BoxMesh" id="BoxMesh_mdq2j"]

[sub_resource type="BoxMesh" id="BoxMesh_1ajtp"]

[sub_resource type="BoxMesh" id="BoxMesh_pms66"]

[sub_resource type="BoxMesh" id="BoxMesh_h7jd8"]

[sub_resource type="BoxMesh" id="BoxMesh_waggp"]

[sub_resource type="BoxMesh" id="BoxMesh_37jf2"]

[sub_resource type="BoxMesh" id="BoxMesh_y6qt8"]

[sub_resource type="BoxMesh" id="BoxMesh_fyr35"]

[sub_resource type="BoxMesh" id="BoxMesh_vbhkq"]

[sub_resource type="BoxMesh" id="BoxMesh_im06q"]

[sub_resource type="BoxMesh" id="BoxMesh_nn0i5"]

[sub_resource type="BoxMesh" id="BoxMesh_wvsnw"]

[sub_resource type="BoxMesh" id="BoxMesh_bvvli"]

[sub_resource type="BoxMesh" id="BoxMesh_3ia7t"]

[sub_resource type="BoxMesh" id="BoxMesh_7p1ca"]

[sub_resource type="BoxMesh" id="BoxMesh_apcxp"]

[sub_resource type="BoxMesh" id="BoxMesh_ekdi5"]

[sub_resource type="BoxMesh" id="BoxMesh_014rr"]

[sub_resource type="BoxMesh" id="BoxMesh_cm5gn"]

[sub_resource type="BoxMesh" id="BoxMesh_p3afh"]

[sub_resource type="BoxMesh" id="BoxMesh_8ih1c"]

[sub_resource type="BoxMesh" id="BoxMesh_fw84a"]

[sub_resource type="BoxMesh" id="BoxMesh_7opc7"]

[sub_resource type="BoxMesh" id="BoxMesh_welr0"]

[sub_resource type="BoxMesh" id="BoxMesh_eeckc"]

[sub_resource type="BoxMesh" id="BoxMesh_41goa"]

[sub_resource type="BoxMesh" id="BoxMesh_1g0f1"]

[sub_resource type="BoxMesh" id="BoxMesh_gejl1"]

[sub_resource type="BoxMesh" id="BoxMesh_bt3sb"]

[sub_resource type="BoxMesh" id="BoxMesh_kmrvb"]

[sub_resource type="BoxMesh" id="BoxMesh_gv5mp"]

[sub_resource type="BoxMesh" id="BoxMesh_xtpe2"]

[sub_resource type="BoxMesh" id="BoxMesh_50q5j"]

[sub_resource type="BoxMesh" id="BoxMesh_ybtow"]

[sub_resource type="BoxMesh" id="BoxMesh_dejp1"]

[sub_resource type="BoxMesh" id="BoxMesh_04til"]

[sub_resource type="BoxMesh" id="BoxMesh_e7w3l"]

[sub_resource type="BoxMesh" id="BoxMesh_e4vu3"]

[sub_resource type="BoxMesh" id="BoxMesh_bpyyw"]

[sub_resource type="BoxMesh" id="BoxMesh_pxi3x"]

[sub_resource type="BoxMesh" id="BoxMesh_tb7tg"]

[sub_resource type="BoxMesh" id="BoxMesh_6hk3g"]

[sub_resource type="BoxMesh" id="BoxMesh_lt5th"]

[sub_resource type="BoxMesh" id="BoxMesh_7bm74"]

[sub_resource type="BoxMesh" id="BoxMesh_bos3f"]

[sub_resource type="BoxMesh" id="BoxMesh_yleax"]

[sub_resource type="BoxMesh" id="BoxMesh_bckor"]

[sub_resource type="BoxMesh" id="BoxMesh_xsavs"]

[sub_resource type="BoxMesh" id="BoxMesh_j05x3"]

[sub_resource type="BoxMesh" id="BoxMesh_h5oa6"]

[sub_resource type="BoxMesh" id="BoxMesh_8tesr"]

[sub_resource type="BoxMesh" id="BoxMesh_iiieu"]

[sub_resource type="BoxMesh" id="BoxMesh_oyghp"]

[sub_resource type="BoxMesh" id="BoxMesh_8dngg"]

[sub_resource type="BoxMesh" id="BoxMesh_tk1ku"]

[sub_resource type="BoxMesh" id="BoxMesh_5cqyn"]

[sub_resource type="BoxMesh" id="BoxMesh_41rys"]

[sub_resource type="BoxMesh" id="BoxMesh_f5k0o"]

[sub_resource type="BoxMesh" id="BoxMesh_ah701"]

[sub_resource type="BoxMesh" id="BoxMesh_o0ew2"]

[sub_resource type="BoxMesh" id="BoxMesh_fpmwn"]

[sub_resource type="BoxMesh" id="BoxMesh_arnq7"]

[sub_resource type="BoxMesh" id="BoxMesh_a07rg"]

[sub_resource type="BoxMesh" id="BoxMesh_egeyj"]

[sub_resource type="BoxMesh" id="BoxMesh_xxgeg"]

[sub_resource type="BoxMesh" id="BoxMesh_dkbvu"]

[sub_resource type="BoxMesh" id="BoxMesh_oah5n"]

[sub_resource type="BoxMesh" id="BoxMesh_xfxdy"]

[sub_resource type="BoxMesh" id="BoxMesh_6pd5j"]

[sub_resource type="BoxMesh" id="BoxMesh_ywcro"]

[sub_resource type="BoxMesh" id="BoxMesh_5g3wb"]

[sub_resource type="BoxMesh" id="BoxMesh_1iw4h"]

[sub_resource type="BoxMesh" id="BoxMesh_ttmau"]

[sub_resource type="BoxMesh" id="BoxMesh_qxu26"]

[sub_resource type="BoxMesh" id="BoxMesh_6jyyu"]

[sub_resource type="BoxMesh" id="BoxMesh_7yfs4"]

[sub_resource type="BoxMesh" id="BoxMesh_fovfy"]

[sub_resource type="BoxMesh" id="BoxMesh_56dju"]

[sub_resource type="BoxMesh" id="BoxMesh_h47th"]

[sub_resource type="BoxMesh" id="BoxMesh_g635p"]

[sub_resource type="BoxMesh" id="BoxMesh_tfewe"]

[sub_resource type="BoxMesh" id="BoxMesh_s8nrx"]

[sub_resource type="BoxMesh" id="BoxMesh_2yb4l"]

[sub_resource type="BoxMesh" id="BoxMesh_klguu"]

[sub_resource type="BoxMesh" id="BoxMesh_6l433"]

[sub_resource type="BoxMesh" id="BoxMesh_18tv3"]

[sub_resource type="BoxMesh" id="BoxMesh_lcf71"]

[sub_resource type="BoxMesh" id="BoxMesh_g0uc6"]

[sub_resource type="BoxMesh" id="BoxMesh_0q2w2"]

[sub_resource type="BoxMesh" id="BoxMesh_b1lhg"]

[sub_resource type="BoxMesh" id="BoxMesh_l5hcc"]

[sub_resource type="BoxMesh" id="BoxMesh_13xa1"]

[sub_resource type="BoxMesh" id="BoxMesh_s15g3"]

[sub_resource type="BoxMesh" id="BoxMesh_67yhq"]

[sub_resource type="BoxMesh" id="BoxMesh_kwo87"]

[sub_resource type="BoxMesh" id="BoxMesh_xuijd"]

[sub_resource type="BoxMesh" id="BoxMesh_evu3f"]

[sub_resource type="BoxMesh" id="BoxMesh_7lere"]

[sub_resource type="BoxMesh" id="BoxMesh_ju57t"]

[sub_resource type="BoxMesh" id="BoxMesh_3egqi"]

[sub_resource type="BoxMesh" id="BoxMesh_47hy4"]

[sub_resource type="BoxMesh" id="BoxMesh_vs6iw"]

[sub_resource type="BoxMesh" id="BoxMesh_peg43"]

[sub_resource type="BoxMesh" id="BoxMesh_tmnpq"]

[sub_resource type="BoxMesh" id="BoxMesh_push2"]

[sub_resource type="BoxMesh" id="BoxMesh_v3ofx"]

[sub_resource type="BoxMesh" id="BoxMesh_a303u"]

[sub_resource type="BoxMesh" id="BoxMesh_h4xx3"]

[sub_resource type="BoxMesh" id="BoxMesh_dgep2"]

[sub_resource type="BoxMesh" id="BoxMesh_6hju2"]

[sub_resource type="BoxMesh" id="BoxMesh_acop1"]

[sub_resource type="BoxMesh" id="BoxMesh_l1pf0"]

[sub_resource type="BoxMesh" id="BoxMesh_qoaus"]

[sub_resource type="BoxMesh" id="BoxMesh_eonvy"]

[sub_resource type="BoxMesh" id="BoxMesh_qxumg"]

[sub_resource type="BoxMesh" id="BoxMesh_c7gqq"]

[sub_resource type="BoxMesh" id="BoxMesh_xv3tv"]

[sub_resource type="BoxMesh" id="BoxMesh_gntn8"]

[sub_resource type="BoxMesh" id="BoxMesh_gj4tg"]

[sub_resource type="BoxMesh" id="BoxMesh_2mohi"]

[sub_resource type="BoxMesh" id="BoxMesh_4shi3"]

[sub_resource type="BoxMesh" id="BoxMesh_5nehc"]

[sub_resource type="BoxMesh" id="BoxMesh_6yd0u"]

[sub_resource type="BoxMesh" id="BoxMesh_bhvc4"]

[sub_resource type="BoxMesh" id="BoxMesh_nmv4y"]

[sub_resource type="BoxMesh" id="BoxMesh_otfyj"]

[sub_resource type="BoxMesh" id="BoxMesh_jcqf8"]

[sub_resource type="BoxMesh" id="BoxMesh_n8wcu"]

[sub_resource type="BoxMesh" id="BoxMesh_kn472"]

[sub_resource type="BoxMesh" id="BoxMesh_qwuqx"]

[sub_resource type="BoxMesh" id="BoxMesh_56aa0"]

[sub_resource type="BoxMesh" id="BoxMesh_gcq1t"]

[sub_resource type="BoxMesh" id="BoxMesh_51phi"]

[sub_resource type="BoxMesh" id="BoxMesh_8ql5u"]

[sub_resource type="BoxMesh" id="BoxMesh_7txpm"]

[sub_resource type="BoxMesh" id="BoxMesh_wbmdh"]

[sub_resource type="BoxMesh" id="BoxMesh_0xddb"]

[sub_resource type="BoxMesh" id="BoxMesh_cq4ns"]

[sub_resource type="BoxMesh" id="BoxMesh_cgjgf"]

[sub_resource type="BoxMesh" id="BoxMesh_034yn"]

[sub_resource type="BoxMesh" id="BoxMesh_6bhgr"]

[sub_resource type="BoxMesh" id="BoxMesh_l4tmu"]

[sub_resource type="BoxMesh" id="BoxMesh_3sn8s"]

[sub_resource type="BoxMesh" id="BoxMesh_xntug"]

[sub_resource type="BoxMesh" id="BoxMesh_wcfkn"]

[sub_resource type="BoxMesh" id="BoxMesh_xbpmp"]

[sub_resource type="BoxMesh" id="BoxMesh_36868"]

[sub_resource type="BoxMesh" id="BoxMesh_d8nix"]

[sub_resource type="BoxMesh" id="BoxMesh_xkrsu"]

[sub_resource type="BoxMesh" id="BoxMesh_7ehkf"]

[sub_resource type="BoxMesh" id="BoxMesh_cay8q"]

[sub_resource type="BoxMesh" id="BoxMesh_2pg5n"]

[sub_resource type="BoxMesh" id="BoxMesh_rpr7o"]

[sub_resource type="BoxMesh" id="BoxMesh_j53os"]

[sub_resource type="BoxMesh" id="BoxMesh_n0pe4"]

[sub_resource type="BoxMesh" id="BoxMesh_o0teg"]

[sub_resource type="BoxMesh" id="BoxMesh_nru3u"]

[sub_resource type="BoxMesh" id="BoxMesh_itej4"]

[sub_resource type="BoxMesh" id="BoxMesh_x0yiq"]

[sub_resource type="BoxMesh" id="BoxMesh_mhi1x"]

[sub_resource type="BoxMesh" id="BoxMesh_0064o"]

[sub_resource type="BoxMesh" id="BoxMesh_st5a0"]

[sub_resource type="BoxMesh" id="BoxMesh_83gn6"]

[sub_resource type="BoxMesh" id="BoxMesh_7ms7x"]

[sub_resource type="BoxMesh" id="BoxMesh_r2gak"]

[sub_resource type="BoxMesh" id="BoxMesh_302h4"]

[sub_resource type="BoxMesh" id="BoxMesh_rqpbb"]

[sub_resource type="BoxMesh" id="BoxMesh_v4b3g"]

[sub_resource type="BoxMesh" id="BoxMesh_t4jkq"]

[sub_resource type="BoxMesh" id="BoxMesh_fx06k"]

[sub_resource type="BoxMesh" id="BoxMesh_puja5"]

[sub_resource type="BoxMesh" id="BoxMesh_02yfm"]

[sub_resource type="BoxMesh" id="BoxMesh_vc3mg"]

[sub_resource type="BoxMesh" id="BoxMesh_deivy"]

[sub_resource type="BoxMesh" id="BoxMesh_avfxf"]

[sub_resource type="BoxMesh" id="BoxMesh_26jvo"]

[sub_resource type="BoxMesh" id="BoxMesh_k0bc6"]

[sub_resource type="BoxMesh" id="BoxMesh_bc81y"]

[sub_resource type="BoxMesh" id="BoxMesh_k1i7i"]

[sub_resource type="BoxMesh" id="BoxMesh_y6gpm"]

[sub_resource type="BoxMesh" id="BoxMesh_bbasl"]

[sub_resource type="BoxMesh" id="BoxMesh_tr3ph"]

[sub_resource type="BoxMesh" id="BoxMesh_rw37s"]

[sub_resource type="BoxMesh" id="BoxMesh_6ujmb"]

[sub_resource type="BoxMesh" id="BoxMesh_rsbvd"]

[sub_resource type="BoxMesh" id="BoxMesh_hjsoy"]

[sub_resource type="BoxMesh" id="BoxMesh_fgwih"]

[sub_resource type="BoxMesh" id="BoxMesh_r0hcf"]

[sub_resource type="BoxMesh" id="BoxMesh_eho3u"]

[sub_resource type="BoxMesh" id="BoxMesh_c50pa"]

[sub_resource type="BoxMesh" id="BoxMesh_6mad5"]

[sub_resource type="BoxMesh" id="BoxMesh_rqygh"]

[sub_resource type="BoxMesh" id="BoxMesh_oh4lk"]

[sub_resource type="BoxMesh" id="BoxMesh_umso3"]

[sub_resource type="BoxMesh" id="BoxMesh_c2k1q"]

[sub_resource type="BoxMesh" id="BoxMesh_jyg8a"]

[sub_resource type="BoxMesh" id="BoxMesh_wsh86"]

[sub_resource type="BoxMesh" id="BoxMesh_om845"]

[sub_resource type="BoxMesh" id="BoxMesh_o7n34"]

[sub_resource type="BoxMesh" id="BoxMesh_jfxn6"]

[sub_resource type="BoxMesh" id="BoxMesh_86xkx"]

[sub_resource type="BoxMesh" id="BoxMesh_oa0ss"]

[sub_resource type="BoxMesh" id="BoxMesh_4g3tk"]

[sub_resource type="BoxMesh" id="BoxMesh_1csj5"]

[sub_resource type="BoxMesh" id="BoxMesh_2rq7t"]

[sub_resource type="BoxMesh" id="BoxMesh_r2xhl"]

[sub_resource type="BoxMesh" id="BoxMesh_p88xp"]

[sub_resource type="BoxMesh" id="BoxMesh_seopi"]

[sub_resource type="BoxMesh" id="BoxMesh_tmk7n"]

[sub_resource type="BoxMesh" id="BoxMesh_gotaq"]

[sub_resource type="BoxMesh" id="BoxMesh_uuurn"]

[sub_resource type="BoxMesh" id="BoxMesh_ke2of"]

[sub_resource type="BoxMesh" id="BoxMesh_msfi8"]

[sub_resource type="BoxMesh" id="BoxMesh_cg772"]

[sub_resource type="BoxMesh" id="BoxMesh_wfv7r"]

[sub_resource type="BoxMesh" id="BoxMesh_f6dkq"]

[sub_resource type="BoxMesh" id="BoxMesh_mkpcj"]

[sub_resource type="BoxMesh" id="BoxMesh_cqtdr"]

[sub_resource type="BoxMesh" id="BoxMesh_mheyw"]

[sub_resource type="BoxMesh" id="BoxMesh_4sxtx"]

[sub_resource type="BoxMesh" id="BoxMesh_qrimn"]

[sub_resource type="BoxMesh" id="BoxMesh_rdil8"]

[sub_resource type="BoxMesh" id="BoxMesh_vq5lm"]

[sub_resource type="BoxMesh" id="BoxMesh_4bfq1"]

[sub_resource type="BoxMesh" id="BoxMesh_xx8sb"]

[sub_resource type="BoxMesh" id="BoxMesh_gulsk"]

[sub_resource type="BoxMesh" id="BoxMesh_r1kge"]

[sub_resource type="BoxMesh" id="BoxMesh_of5d4"]

[sub_resource type="BoxMesh" id="BoxMesh_lvk25"]

[sub_resource type="BoxMesh" id="BoxMesh_l7j13"]

[sub_resource type="BoxMesh" id="BoxMesh_am0bx"]

[sub_resource type="BoxMesh" id="BoxMesh_j8lde"]

[sub_resource type="BoxMesh" id="BoxMesh_736wx"]

[sub_resource type="BoxMesh" id="BoxMesh_kjdlf"]

[sub_resource type="BoxMesh" id="BoxMesh_7o46a"]

[sub_resource type="BoxMesh" id="BoxMesh_euukk"]

[sub_resource type="BoxMesh" id="BoxMesh_t7s34"]

[sub_resource type="BoxMesh" id="BoxMesh_7bafl"]

[sub_resource type="BoxMesh" id="BoxMesh_6y187"]

[sub_resource type="BoxMesh" id="BoxMesh_5vncd"]

[sub_resource type="BoxMesh" id="BoxMesh_2hsyt"]

[sub_resource type="BoxMesh" id="BoxMesh_5kmve"]

[sub_resource type="BoxMesh" id="BoxMesh_r8ekn"]

[sub_resource type="BoxMesh" id="BoxMesh_vqqr1"]

[sub_resource type="BoxMesh" id="BoxMesh_etpbr"]

[sub_resource type="BoxMesh" id="BoxMesh_r8et7"]

[sub_resource type="BoxMesh" id="BoxMesh_6vkn8"]

[sub_resource type="BoxMesh" id="BoxMesh_mm00o"]

[sub_resource type="BoxMesh" id="BoxMesh_w63wf"]

[sub_resource type="BoxMesh" id="BoxMesh_lqpdu"]

[sub_resource type="BoxMesh" id="BoxMesh_k5k5j"]

[sub_resource type="BoxMesh" id="BoxMesh_jc8wv"]

[sub_resource type="BoxMesh" id="BoxMesh_sx341"]

[sub_resource type="BoxMesh" id="BoxMesh_qb3ha"]

[sub_resource type="BoxMesh" id="BoxMesh_e57uk"]

[sub_resource type="BoxMesh" id="BoxMesh_el11x"]

[sub_resource type="BoxMesh" id="BoxMesh_4sp2e"]

[sub_resource type="BoxMesh" id="BoxMesh_4gnms"]

[sub_resource type="BoxMesh" id="BoxMesh_p35w0"]

[sub_resource type="BoxMesh" id="BoxMesh_hbacu"]

[sub_resource type="BoxMesh" id="BoxMesh_5fjdl"]

[sub_resource type="BoxMesh" id="BoxMesh_qegja"]

[sub_resource type="BoxMesh" id="BoxMesh_45jbi"]

[sub_resource type="BoxMesh" id="BoxMesh_c7ffv"]

[sub_resource type="BoxMesh" id="BoxMesh_d5pqn"]

[sub_resource type="BoxMesh" id="BoxMesh_evbdf"]

[sub_resource type="BoxMesh" id="BoxMesh_ux3oo"]

[sub_resource type="BoxMesh" id="BoxMesh_2fvjf"]

[sub_resource type="BoxMesh" id="BoxMesh_eorbv"]

[sub_resource type="BoxMesh" id="BoxMesh_jolnj"]

[sub_resource type="BoxMesh" id="BoxMesh_ji7wr"]

[sub_resource type="BoxMesh" id="BoxMesh_5wm1y"]

[sub_resource type="BoxMesh" id="BoxMesh_uuybn"]

[sub_resource type="BoxMesh" id="BoxMesh_bwjln"]

[sub_resource type="BoxMesh" id="BoxMesh_b614v"]

[sub_resource type="BoxMesh" id="BoxMesh_0xifs"]

[sub_resource type="BoxMesh" id="BoxMesh_3yijr"]

[sub_resource type="BoxMesh" id="BoxMesh_tdwl5"]

[sub_resource type="BoxMesh" id="BoxMesh_8vouc"]

[sub_resource type="BoxMesh" id="BoxMesh_pxsve"]

[sub_resource type="BoxMesh" id="BoxMesh_v617d"]

[sub_resource type="BoxMesh" id="BoxMesh_mnhri"]

[sub_resource type="BoxMesh" id="BoxMesh_6hcui"]

[sub_resource type="BoxMesh" id="BoxMesh_d376v"]

[sub_resource type="BoxMesh" id="BoxMesh_4pt6n"]

[sub_resource type="BoxMesh" id="BoxMesh_20eoe"]

[sub_resource type="BoxMesh" id="BoxMesh_s22tx"]

[sub_resource type="BoxMesh" id="BoxMesh_3kled"]

[sub_resource type="BoxMesh" id="BoxMesh_36ptd"]

[sub_resource type="BoxMesh" id="BoxMesh_mr5vv"]

[sub_resource type="BoxMesh" id="BoxMesh_wp35t"]

[sub_resource type="BoxMesh" id="BoxMesh_niyjm"]

[sub_resource type="BoxMesh" id="BoxMesh_fx8u0"]

[sub_resource type="BoxMesh" id="BoxMesh_v1rpk"]

[sub_resource type="BoxMesh" id="BoxMesh_qir5q"]

[sub_resource type="BoxMesh" id="BoxMesh_20dmc"]

[sub_resource type="BoxMesh" id="BoxMesh_6v7kc"]

[sub_resource type="BoxMesh" id="BoxMesh_u5fhe"]

[sub_resource type="BoxMesh" id="BoxMesh_xqcs7"]

[sub_resource type="BoxMesh" id="BoxMesh_o7pfr"]

[sub_resource type="BoxMesh" id="BoxMesh_u8wul"]

[sub_resource type="BoxMesh" id="BoxMesh_mjgaf"]

[sub_resource type="BoxMesh" id="BoxMesh_8y3ht"]

[sub_resource type="BoxMesh" id="BoxMesh_hm26x"]

[sub_resource type="BoxMesh" id="BoxMesh_qe0fe"]

[sub_resource type="BoxMesh" id="BoxMesh_tbnfx"]

[sub_resource type="BoxMesh" id="BoxMesh_8efc4"]

[sub_resource type="BoxMesh" id="BoxMesh_ypo63"]

[sub_resource type="BoxMesh" id="BoxMesh_ef7e7"]

[sub_resource type="BoxMesh" id="BoxMesh_itx2w"]

[sub_resource type="BoxMesh" id="BoxMesh_ljhjt"]

[sub_resource type="BoxMesh" id="BoxMesh_vw8ub"]

[sub_resource type="BoxMesh" id="BoxMesh_p00eu"]

[sub_resource type="BoxMesh" id="BoxMesh_ua74r"]

[sub_resource type="BoxMesh" id="BoxMesh_kk3jl"]

[sub_resource type="BoxMesh" id="BoxMesh_uqsnt"]

[sub_resource type="BoxMesh" id="BoxMesh_eynap"]

[sub_resource type="BoxMesh" id="BoxMesh_sn24k"]

[sub_resource type="BoxMesh" id="BoxMesh_466yc"]

[sub_resource type="BoxMesh" id="BoxMesh_0s2vg"]

[sub_resource type="BoxMesh" id="BoxMesh_qe17g"]

[sub_resource type="BoxMesh" id="BoxMesh_5f2n3"]

[sub_resource type="BoxMesh" id="BoxMesh_3hpyx"]

[sub_resource type="BoxMesh" id="BoxMesh_bucnm"]

[sub_resource type="BoxMesh" id="BoxMesh_c8ifa"]

[sub_resource type="BoxMesh" id="BoxMesh_tj2yf"]

[sub_resource type="BoxMesh" id="BoxMesh_ega10"]

[sub_resource type="BoxMesh" id="BoxMesh_sxx4n"]

[sub_resource type="BoxMesh" id="BoxMesh_x3qka"]

[sub_resource type="BoxMesh" id="BoxMesh_30k3y"]

[sub_resource type="BoxMesh" id="BoxMesh_42r5q"]

[sub_resource type="BoxMesh" id="BoxMesh_wdlp3"]

[sub_resource type="BoxMesh" id="BoxMesh_cirrb"]

[sub_resource type="BoxMesh" id="BoxMesh_lm812"]

[sub_resource type="BoxMesh" id="BoxMesh_xsae0"]

[sub_resource type="BoxMesh" id="BoxMesh_7iqae"]

[sub_resource type="BoxMesh" id="BoxMesh_1q8vo"]

[sub_resource type="BoxMesh" id="BoxMesh_oicqc"]

[sub_resource type="BoxMesh" id="BoxMesh_xor1b"]

[sub_resource type="BoxMesh" id="BoxMesh_cs6rl"]

[sub_resource type="BoxMesh" id="BoxMesh_rg805"]

[sub_resource type="BoxMesh" id="BoxMesh_k8oko"]

[sub_resource type="BoxMesh" id="BoxMesh_dk2km"]

[sub_resource type="BoxMesh" id="BoxMesh_f65p5"]

[sub_resource type="BoxMesh" id="BoxMesh_1axu3"]

[sub_resource type="BoxMesh" id="BoxMesh_78co0"]

[sub_resource type="BoxMesh" id="BoxMesh_x3ffu"]

[sub_resource type="BoxMesh" id="BoxMesh_ggnds"]

[sub_resource type="BoxMesh" id="BoxMesh_od2bw"]

[sub_resource type="BoxMesh" id="BoxMesh_henhj"]

[sub_resource type="BoxMesh" id="BoxMesh_fu0au"]

[sub_resource type="BoxMesh" id="BoxMesh_d8mas"]

[sub_resource type="BoxMesh" id="BoxMesh_7cuhe"]

[sub_resource type="BoxMesh" id="BoxMesh_ysv0c"]

[sub_resource type="BoxMesh" id="BoxMesh_ghrit"]

[sub_resource type="BoxMesh" id="BoxMesh_hgsam"]

[sub_resource type="BoxMesh" id="BoxMesh_6681l"]

[sub_resource type="BoxMesh" id="BoxMesh_8xyb6"]

[sub_resource type="BoxMesh" id="BoxMesh_bn8u5"]

[sub_resource type="BoxMesh" id="BoxMesh_67jad"]

[sub_resource type="BoxMesh" id="BoxMesh_gl6r1"]

[sub_resource type="BoxMesh" id="BoxMesh_71llb"]

[sub_resource type="BoxMesh" id="BoxMesh_tb3gy"]

[sub_resource type="BoxMesh" id="BoxMesh_y0g8q"]

[sub_resource type="BoxMesh" id="BoxMesh_v5qxk"]

[sub_resource type="BoxMesh" id="BoxMesh_ls2qj"]

[sub_resource type="BoxMesh" id="BoxMesh_7bjyr"]

[sub_resource type="BoxMesh" id="BoxMesh_2pu7w"]

[sub_resource type="BoxMesh" id="BoxMesh_s0kxk"]

[sub_resource type="BoxMesh" id="BoxMesh_0jutp"]

[sub_resource type="BoxMesh" id="BoxMesh_nlgdw"]

[sub_resource type="BoxMesh" id="BoxMesh_xk500"]

[sub_resource type="BoxMesh" id="BoxMesh_1dne6"]

[sub_resource type="BoxMesh" id="BoxMesh_8prfp"]

[sub_resource type="BoxMesh" id="BoxMesh_xp6j8"]

[sub_resource type="BoxMesh" id="BoxMesh_yyl8d"]

[sub_resource type="BoxMesh" id="BoxMesh_4u3x2"]

[sub_resource type="BoxMesh" id="BoxMesh_4pfxe"]

[sub_resource type="BoxMesh" id="BoxMesh_ka8kp"]

[sub_resource type="BoxMesh" id="BoxMesh_6qprw"]

[sub_resource type="BoxMesh" id="BoxMesh_8c5rk"]

[sub_resource type="BoxMesh" id="BoxMesh_3p6ic"]

[sub_resource type="BoxMesh" id="BoxMesh_bjdtb"]

[sub_resource type="BoxMesh" id="BoxMesh_3i04a"]

[sub_resource type="BoxMesh" id="BoxMesh_dbjbs"]

[sub_resource type="BoxMesh" id="BoxMesh_416ur"]

[sub_resource type="BoxMesh" id="BoxMesh_igwok"]

[sub_resource type="BoxMesh" id="BoxMesh_ydpty"]

[sub_resource type="BoxMesh" id="BoxMesh_i7uig"]

[sub_resource type="BoxMesh" id="BoxMesh_ybhwe"]

[sub_resource type="BoxMesh" id="BoxMesh_qvdr0"]

[sub_resource type="BoxMesh" id="BoxMesh_ajnhq"]

[sub_resource type="BoxMesh" id="BoxMesh_jo1ha"]

[sub_resource type="BoxMesh" id="BoxMesh_e3xcb"]

[sub_resource type="BoxMesh" id="BoxMesh_nxipl"]

[sub_resource type="BoxMesh" id="BoxMesh_65xdr"]

[sub_resource type="BoxMesh" id="BoxMesh_ne2o8"]

[sub_resource type="BoxMesh" id="BoxMesh_uq8gf"]

[sub_resource type="BoxMesh" id="BoxMesh_rfdbb"]

[sub_resource type="BoxMesh" id="BoxMesh_o73wb"]

[sub_resource type="BoxMesh" id="BoxMesh_i4lvk"]

[sub_resource type="BoxMesh" id="BoxMesh_ht0b3"]

[sub_resource type="BoxMesh" id="BoxMesh_e2ccs"]

[sub_resource type="BoxMesh" id="BoxMesh_bwye7"]

[sub_resource type="BoxMesh" id="BoxMesh_tio7v"]

[sub_resource type="BoxMesh" id="BoxMesh_be6m6"]

[sub_resource type="BoxMesh" id="BoxMesh_s5id4"]

[sub_resource type="BoxMesh" id="BoxMesh_5wjxs"]

[sub_resource type="BoxMesh" id="BoxMesh_1nlr2"]

[sub_resource type="BoxMesh" id="BoxMesh_5cniy"]

[sub_resource type="BoxMesh" id="BoxMesh_xwmsj"]

[sub_resource type="BoxMesh" id="BoxMesh_a160e"]

[sub_resource type="BoxMesh" id="BoxMesh_uc6xk"]

[sub_resource type="BoxMesh" id="BoxMesh_of2lj"]

[sub_resource type="BoxMesh" id="BoxMesh_rx7y0"]

[sub_resource type="BoxMesh" id="BoxMesh_ypjo3"]

[sub_resource type="BoxMesh" id="BoxMesh_ftiek"]

[sub_resource type="BoxMesh" id="BoxMesh_ideu1"]

[sub_resource type="BoxMesh" id="BoxMesh_c186k"]

[sub_resource type="BoxMesh" id="BoxMesh_mjn5q"]

[sub_resource type="BoxMesh" id="BoxMesh_4e0gm"]

[sub_resource type="BoxMesh" id="BoxMesh_0yux8"]

[sub_resource type="BoxMesh" id="BoxMesh_mb1vw"]

[sub_resource type="BoxMesh" id="BoxMesh_6kgv0"]

[sub_resource type="BoxMesh" id="BoxMesh_armkl"]

[sub_resource type="BoxMesh" id="BoxMesh_0bjw6"]

[sub_resource type="BoxMesh" id="BoxMesh_upjty"]

[sub_resource type="BoxMesh" id="BoxMesh_p00o0"]

[sub_resource type="BoxMesh" id="BoxMesh_3shnv"]

[sub_resource type="BoxMesh" id="BoxMesh_mia5t"]

[sub_resource type="BoxMesh" id="BoxMesh_6itd3"]

[sub_resource type="BoxMesh" id="BoxMesh_eastw"]

[sub_resource type="BoxMesh" id="BoxMesh_nlwn5"]

[sub_resource type="BoxMesh" id="BoxMesh_rbg7w"]

[sub_resource type="BoxMesh" id="BoxMesh_cvwkj"]

[sub_resource type="BoxMesh" id="BoxMesh_y4jq6"]

[sub_resource type="BoxMesh" id="BoxMesh_f285q"]

[sub_resource type="BoxMesh" id="BoxMesh_v3y6x"]

[sub_resource type="BoxMesh" id="BoxMesh_fbprs"]

[sub_resource type="BoxMesh" id="BoxMesh_38chl"]

[sub_resource type="BoxMesh" id="BoxMesh_bdfta"]

[sub_resource type="BoxMesh" id="BoxMesh_chqai"]

[sub_resource type="BoxMesh" id="BoxMesh_l330l"]

[sub_resource type="BoxMesh" id="BoxMesh_5tp12"]

[sub_resource type="BoxMesh" id="BoxMesh_davfa"]

[sub_resource type="BoxMesh" id="BoxMesh_ubf1s"]

[sub_resource type="BoxMesh" id="BoxMesh_g0235"]

[sub_resource type="BoxMesh" id="BoxMesh_5slv3"]

[sub_resource type="BoxMesh" id="BoxMesh_x7sa0"]

[sub_resource type="BoxMesh" id="BoxMesh_rh786"]

[sub_resource type="BoxMesh" id="BoxMesh_16hm2"]

[sub_resource type="BoxMesh" id="BoxMesh_xusnw"]

[sub_resource type="BoxMesh" id="BoxMesh_woeag"]

[sub_resource type="BoxMesh" id="BoxMesh_lvghv"]

[sub_resource type="BoxMesh" id="BoxMesh_fvocb"]

[sub_resource type="BoxMesh" id="BoxMesh_ookvs"]

[sub_resource type="BoxMesh" id="BoxMesh_loamu"]

[sub_resource type="BoxMesh" id="BoxMesh_in8m4"]

[sub_resource type="BoxMesh" id="BoxMesh_mfxg4"]

[sub_resource type="BoxMesh" id="BoxMesh_t331b"]

[sub_resource type="BoxMesh" id="BoxMesh_e5o5f"]

[sub_resource type="BoxMesh" id="BoxMesh_hl1hw"]

[sub_resource type="BoxMesh" id="BoxMesh_kfarm"]

[sub_resource type="BoxMesh" id="BoxMesh_4jy10"]

[sub_resource type="BoxMesh" id="BoxMesh_4hxfg"]

[sub_resource type="BoxMesh" id="BoxMesh_pumsg"]

[sub_resource type="BoxMesh" id="BoxMesh_5e2rl"]

[sub_resource type="BoxMesh" id="BoxMesh_4lujp"]

[sub_resource type="BoxMesh" id="BoxMesh_lhef4"]

[sub_resource type="BoxMesh" id="BoxMesh_ihj7x"]

[sub_resource type="BoxMesh" id="BoxMesh_cjuxy"]

[sub_resource type="BoxMesh" id="BoxMesh_4vgyu"]

[sub_resource type="BoxMesh" id="BoxMesh_kkxa6"]

[sub_resource type="BoxMesh" id="BoxMesh_46ehd"]

[sub_resource type="BoxMesh" id="BoxMesh_j5ltr"]

[sub_resource type="BoxMesh" id="BoxMesh_62qug"]

[sub_resource type="BoxMesh" id="BoxMesh_mmjsh"]

[sub_resource type="BoxMesh" id="BoxMesh_hgv6y"]

[sub_resource type="BoxMesh" id="BoxMesh_8qx0h"]

[sub_resource type="BoxMesh" id="BoxMesh_rva6n"]

[sub_resource type="BoxMesh" id="BoxMesh_sotdl"]

[sub_resource type="BoxMesh" id="BoxMesh_vcorq"]

[sub_resource type="BoxMesh" id="BoxMesh_eh3gx"]

[sub_resource type="BoxMesh" id="BoxMesh_m7tks"]

[sub_resource type="BoxMesh" id="BoxMesh_8tpt4"]

[sub_resource type="BoxMesh" id="BoxMesh_grl8a"]

[sub_resource type="BoxMesh" id="BoxMesh_ee2pp"]

[sub_resource type="BoxMesh" id="BoxMesh_7cuvp"]

[sub_resource type="BoxMesh" id="BoxMesh_4rg73"]

[sub_resource type="BoxMesh" id="BoxMesh_daksl"]

[sub_resource type="BoxMesh" id="BoxMesh_6vt0c"]

[sub_resource type="BoxMesh" id="BoxMesh_2m8km"]

[sub_resource type="BoxMesh" id="BoxMesh_ppeie"]

[sub_resource type="BoxMesh" id="BoxMesh_lrqwq"]

[sub_resource type="BoxMesh" id="BoxMesh_0htuf"]

[sub_resource type="BoxMesh" id="BoxMesh_6ebsc"]

[sub_resource type="BoxMesh" id="BoxMesh_dstpo"]

[sub_resource type="BoxMesh" id="BoxMesh_7ugr2"]

[node name="Cubes" type="Node3D"]
script = ExtResource("1_emjgo")

[node name="Box_0" type="MeshInstance3D" parent="."]
transform = Transform3D(0.944428, 0.0890868, 0.316415, 0, 0.962576, -0.271014, -0.328717, 0.255953, 0.909084, -16.0401, 0.262617, -8.02573)
mesh = SubResource("BoxMesh_dnq1v")

[node name="Box_1" type="MeshInstance3D" parent="."]
transform = Transform3D(0.621456, 0.20939, 0.754949, 0, 0.963623, -0.267267, -0.783449, 0.166095, 0.598849, -4.38037, 0.330666, -21.3629)
mesh = SubResource("BoxMesh_dn2pf")

[node name="Box_2" type="MeshInstance3D" parent="."]
transform = Transform3D(0.995524, 0.0550655, 0.0768151, 0, 0.812743, -0.582622, -0.0945133, 0.580014, 0.809105, -18.8583, 0.14049, -5.31789)
mesh = SubResource("BoxMesh_mdq2j")

[node name="Box_3" type="MeshInstance3D" parent="."]
transform = Transform3D(0.954218, 0.235391, 0.184553, 0, 0.617, -0.786963, -0.299113, 0.750934, 0.588753, -8.14826, 0.828968, -13.9662)
mesh = SubResource("BoxMesh_1ajtp")

[node name="Box_4" type="MeshInstance3D" parent="."]
transform = Transform3D(0.658081, 0.0677073, 0.749897, 0, 0.995949, -0.0899231, -0.752947, 0.0591767, 0.655415, 17.0931, -0.807079, -16.4068)
mesh = SubResource("BoxMesh_pms66")

[node name="Box_5" type="MeshInstance3D" parent="."]
transform = Transform3D(0.876349, 0.241377, 0.416833, 0, 0.865379, -0.501118, -0.481677, 0.439154, 0.758374, -2.96427, 0.790772, -19.2859)
mesh = SubResource("BoxMesh_h7jd8")

[node name="Box_6" type="MeshInstance3D" parent="."]
transform = Transform3D(0.846538, 0.324966, 0.421628, 0, 0.792046, -0.610461, -0.532328, 0.516779, 0.670497, 17.94, 0.210812, 8.90865)
mesh = SubResource("BoxMesh_waggp")

[node name="Box_7" type="MeshInstance3D" parent="."]
transform = Transform3D(0.853569, 0.00457327, 0.52096, 0, 0.999961, -0.0087782, -0.52098, 0.00749279, 0.853536, -4.26854, 0.62841, 12.628)
mesh = SubResource("BoxMesh_37jf2")

[node name="Box_8" type="MeshInstance3D" parent="."]
transform = Transform3D(0.568736, 0.666123, 0.482515, 0, 0.586629, -0.809856, -0.82252, 0.460594, 0.333637, -10.5747, -0.327856, 16.6523)
mesh = SubResource("BoxMesh_y6qt8")

[node name="Box_9" type="MeshInstance3D" parent="."]
transform = Transform3D(0.832613, 0.301124, 0.464845, 0, 0.839288, -0.543686, -0.553856, 0.45268, 0.698802, 21.0502, -0.0361796, -4.80395)
mesh = SubResource("BoxMesh_fyr35")

[node name="Box_10" type="MeshInstance3D" parent="."]
transform = Transform3D(0.687476, 0.484269, 0.541165, 0, 0.745194, -0.666847, -0.726207, 0.458442, 0.512303, 7.83929, 0.408522, -9.2318)
mesh = SubResource("BoxMesh_vbhkq")

[node name="Box_11" type="MeshInstance3D" parent="."]
transform = Transform3D(0.586663, 0.657246, 0.473132, 0, 0.584236, -0.811584, -0.809831, 0.476127, 0.34275, -6.65492, 0.970182, -21.6655)
mesh = SubResource("BoxMesh_im06q")

[node name="Box_12" type="MeshInstance3D" parent="."]
transform = Transform3D(0.997014, 0.0508877, 0.0580881, 0, 0.752187, -0.658949, -0.0772256, 0.656981, 0.749941, -21.7727, -0.492125, -6.87606)
mesh = SubResource("BoxMesh_nn0i5")

[node name="Box_13" type="MeshInstance3D" parent="."]
transform = Transform3D(0.767167, 0.116897, 0.630706, 0, 0.983254, -0.182239, -0.641448, 0.139808, 0.75432, 13.1121, -0.225286, -14.1726)
mesh = SubResource("BoxMesh_wvsnw")

[node name="Box_14" type="MeshInstance3D" parent="."]
transform = Transform3D(0.734852, 0.158878, 0.659356, 0, 0.972175, -0.234254, -0.678228, 0.172142, 0.714405, -14.7265, -0.907965, -7.28531)
mesh = SubResource("BoxMesh_bvvli")

[node name="Box_15" type="MeshInstance3D" parent="."]
transform = Transform3D(0.875635, 0.394774, 0.278239, 0, 0.576095, -0.817383, -0.482973, 0.715729, 0.504449, -20.4254, -0.453403, 2.83642)
mesh = SubResource("BoxMesh_3ia7t")

[node name="Box_16" type="MeshInstance3D" parent="."]
transform = Transform3D(0.817621, 0.472521, 0.328968, 0, 0.571366, -0.820695, -0.575756, 0.671018, 0.467161, -8.30782, -0.589435, -2.1394)
mesh = SubResource("BoxMesh_7p1ca")

[node name="Box_17" type="MeshInstance3D" parent="."]
transform = Transform3D(0.94447, 0.26964, 0.187806, 0, 0.571536, -0.820577, -0.328598, 0.77501, 0.539798, -10.819, 0.693822, 2.21301)
mesh = SubResource("BoxMesh_apcxp")

[node name="Box_18" type="MeshInstance3D" parent="."]
transform = Transform3D(0.944759, 0.0242614, 0.326868, 0, 0.997257, -0.0740204, -0.327767, 0.0699314, 0.942167, -17.9366, -0.438794, 15.5297)
mesh = SubResource("BoxMesh_ekdi5")

[node name="Box_19" type="MeshInstance3D" parent="."]
transform = Transform3D(0.979796, 0.13189, 0.150352, 0, 0.751752, -0.659446, -0.200001, 0.646122, 0.736563, 21.3552, 0.0679802, -9.62071)
mesh = SubResource("BoxMesh_014rr")

[node name="Box_20" type="MeshInstance3D" parent="."]
transform = Transform3D(0.824257, 0.376394, 0.422998, 0, 0.747063, -0.664754, -0.566215, 0.547928, 0.615772, -0.492164, 0.488458, 21.077)
mesh = SubResource("BoxMesh_cm5gn")

[node name="Box_21" type="MeshInstance3D" parent="."]
transform = Transform3D(0.96546, 0.184021, 0.184451, 0, 0.707931, -0.706282, -0.26055, 0.681887, 0.683479, -19.5963, -0.198282, 6.80647)
mesh = SubResource("BoxMesh_p3afh")

[node name="Box_22" type="MeshInstance3D" parent="."]
transform = Transform3D(0.672727, 0.466824, 0.574033, 0, 0.775834, -0.630937, -0.739891, 0.424448, 0.521925, -19.1867, -0.191853, 9.2396)
mesh = SubResource("BoxMesh_8ih1c")

[node name="Box_23" type="MeshInstance3D" parent="."]
transform = Transform3D(0.906978, 0.336852, 0.252826, 0, 0.600284, -0.799787, -0.421177, 0.72539, 0.544445, -15.1839, -0.983116, 13.0219)
mesh = SubResource("BoxMesh_fw84a")

[node name="Box_24" type="MeshInstance3D" parent="."]
transform = Transform3D(0.789003, 0.10358, 0.605595, 0, 0.985686, -0.168591, -0.614389, 0.133019, 0.777709, -5.84755, 0.352879, -15.0738)
mesh = SubResource("BoxMesh_7opc7")

[node name="Box_25" type="MeshInstance3D" parent="."]
transform = Transform3D(0.997132, 0.0588473, 0.0475975, 0, 0.628873, -0.777508, -0.075687, 0.775278, 0.627069, -12.5959, -0.152679, -20.9418)
mesh = SubResource("BoxMesh_welr0")

[node name="Box_26" type="MeshInstance3D" parent="."]
transform = Transform3D(0.745038, 0.0802356, 0.662178, 0, 0.992739, -0.120289, -0.667022, 0.0896201, 0.739629, 10.7582, -0.289287, -9.51348)
mesh = SubResource("BoxMesh_eeckc")

[node name="Box_27" type="MeshInstance3D" parent="."]
transform = Transform3D(0.926333, 0.028525, 0.375624, 0, 0.997129, -0.0757224, -0.376705, 0.0701442, 0.923674, 0.663276, -0.60419, -20.9216)
mesh = SubResource("BoxMesh_41goa")

[node name="Box_28" type="MeshInstance3D" parent="."]
transform = Transform3D(0.949096, 0.0634887, 0.308523, 0, 0.979476, -0.201559, -0.314988, 0.191299, 0.929617, 23.2647, 0.0756809, 4.39094)
mesh = SubResource("BoxMesh_1g0f1")

[node name="Box_29" type="MeshInstance3D" parent="."]
transform = Transform3D(0.827084, 0.411461, 0.382925, 0, 0.681266, -0.732036, -0.562078, 0.605455, 0.563465, -9.64663, 0.801822, 18.5491)
mesh = SubResource("BoxMesh_gejl1")

[node name="Box_30" type="MeshInstance3D" parent="."]
transform = Transform3D(0.930891, 0.236362, 0.278525, 0, 0.762459, -0.647037, -0.365298, 0.602321, 0.709765, -19.731, 0.538395, -13.5599)
mesh = SubResource("BoxMesh_bt3sb")

[node name="Box_31" type="MeshInstance3D" parent="."]
transform = Transform3D(0.565376, 0.0725608, 0.821635, 0, 0.996123, -0.0879703, -0.824833, 0.0497364, 0.563185, 10.7764, -0.706857, 1.05526)
mesh = SubResource("BoxMesh_kmrvb")

[node name="Box_32" type="MeshInstance3D" parent="."]
transform = Transform3D(0.980198, 0.148909, 0.130527, 0, 0.659167, -0.751996, -0.198018, 0.737105, 0.646115, -13.9372, -0.260737, -15.2173)
mesh = SubResource("BoxMesh_gv5mp")

[node name="Box_33" type="MeshInstance3D" parent="."]
transform = Transform3D(0.918577, 0.098103, 0.382872, 0, 0.968706, -0.248211, -0.395241, 0.228001, 0.889832, -6.19796, -0.122436, 23.8852)
mesh = SubResource("BoxMesh_xtpe2")

[node name="Box_34" type="MeshInstance3D" parent="."]
transform = Transform3D(0.74873, 0.382367, 0.541478, 0, 0.816863, -0.576831, -0.662875, 0.431891, 0.61161, 14.5066, 0.264871, -17.1202)
mesh = SubResource("BoxMesh_50q5j")

[node name="Box_35" type="MeshInstance3D" parent="."]
transform = Transform3D(0.978536, 0.0315653, 0.203642, 0, 0.988199, -0.153175, -0.206074, 0.149887, 0.966989, 7.87057, 0.151595, 9.39321)
mesh = SubResource("BoxMesh_ybtow")

[node name="Box_36" type="MeshInstance3D" parent="."]
transform = Transform3D(0.746002, 0.440782, 0.499192, 0, 0.749601, -0.66189, -0.665944, 0.493771, 0.559204, -7.2413, -0.222682, 12.0024)
mesh = SubResource("BoxMesh_dejp1")

[node name="Box_37" type="MeshInstance3D" parent="."]
transform = Transform3D(0.916483, 0.124583, 0.380181, 0, 0.950279, -0.3114, -0.400073, 0.285393, 0.870914, 8.02896, -0.924332, 4.04145)
mesh = SubResource("BoxMesh_04til")

[node name="Box_38" type="MeshInstance3D" parent="."]
transform = Transform3D(0.811565, 0.234803, 0.535005, 0, 0.915693, -0.401879, -0.584263, 0.326151, 0.743144, -20.0301, -0.122705, -2.72877)
mesh = SubResource("BoxMesh_e7w3l")

[node name="Box_39" type="MeshInstance3D" parent="."]
transform = Transform3D(0.867596, 0.246493, 0.431879, 0, 0.868499, -0.495692, -0.497271, 0.43006, 0.753505, -21.9987, 0.151668, 6.99244)
mesh = SubResource("BoxMesh_e4vu3")

[node name="Box_40" type="MeshInstance3D" parent="."]
transform = Transform3D(0.996197, 0.0529857, 0.0691634, 0, 0.793826, -0.608145, -0.0871266, 0.605833, 0.790807, -16.1871, 0.322104, -12.0225)
mesh = SubResource("BoxMesh_bpyyw")

[node name="Box_41" type="MeshInstance3D" parent="."]
transform = Transform3D(0.938473, 0.0634118, 0.339482, 0, 0.982998, -0.183614, -0.345354, 0.172317, 0.922517, 15.2772, -0.482829, 15.8035)
mesh = SubResource("BoxMesh_pxi3x")

[node name="Box_42" type="MeshInstance3D" parent="."]
transform = Transform3D(0.913273, 0.101664, 0.394458, 0, 0.968355, -0.249576, -0.407348, 0.227931, 0.884373, -24.4029, 0.57398, 2.44613)
mesh = SubResource("BoxMesh_tb7tg")

[node name="Box_43" type="MeshInstance3D" parent="."]
transform = Transform3D(0.998807, 0.0319569, 0.036914, 0, 0.756046, -0.654519, -0.0488251, 0.653738, 0.755144, -3.02043, -0.68398, -6.88768)
mesh = SubResource("BoxMesh_6hk3g")

[node name="Box_44" type="MeshInstance3D" parent="."]
transform = Transform3D(0.918283, 0.0245, 0.395166, 0, 0.998084, -0.0618805, -0.395925, 0.0568238, 0.916523, 8.33009, 0.393382, -8.68938)
mesh = SubResource("BoxMesh_lt5th")

[node name="Box_45" type="MeshInstance3D" parent="."]
transform = Transform3D(0.993322, 0.0903069, 0.0718023, 0, 0.62235, -0.782739, -0.115373, 0.777512, 0.618194, -11.9263, 0.675513, -13.0488)
mesh = SubResource("BoxMesh_7bm74")

[node name="Box_46" type="MeshInstance3D" parent="."]
transform = Transform3D(0.90622, 0.171105, 0.386637, 0, 0.914454, -0.404689, -0.422807, 0.366737, 0.828697, 12.2205, 0.0699725, -9.29889)
mesh = SubResource("BoxMesh_bos3f")

[node name="Box_47" type="MeshInstance3D" parent="."]
transform = Transform3D(0.82629, 0.40053, 0.396005, 0, 0.703079, -0.711112, -0.563245, 0.587585, 0.580947, 7.76395, -0.844148, 11.3873)
mesh = SubResource("BoxMesh_yleax")

[node name="Box_48" type="MeshInstance3D" parent="."]
transform = Transform3D(0.829097, 0.109147, 0.548348, 0, 0.98076, -0.195217, -0.559105, 0.161854, 0.813145, 10.6044, -0.000406563, -3.89921)
mesh = SubResource("BoxMesh_bckor")

[node name="Box_49" type="MeshInstance3D" parent="."]
transform = Transform3D(0.899823, 0.310425, 0.306522, 0, 0.702619, -0.711566, -0.436256, 0.640283, 0.632233, 6.39118, -0.738037, -10.2038)
mesh = SubResource("BoxMesh_xsavs")

[node name="Box_50" type="MeshInstance3D" parent="."]
transform = Transform3D(0.977623, 0.0624998, 0.200864, 0, 0.954845, -0.297105, -0.210363, 0.290456, 0.933479, 8.15694, -0.240488, -7.57841)
mesh = SubResource("BoxMesh_j05x3")

[node name="Box_51" type="MeshInstance3D" parent="."]
transform = Transform3D(0.837912, 0.384853, 0.387028, 0, 0.709096, -0.705112, -0.545805, 0.590822, 0.59416, -17.341, -0.958226, -4.42332)
mesh = SubResource("BoxMesh_h5oa6")

[node name="Box_52" type="MeshInstance3D" parent="."]
transform = Transform3D(0.579005, 0.268746, 0.769759, 0, 0.944114, -0.329619, -0.815324, 0.190851, 0.546647, -7.00813, -0.988563, 14.5365)
mesh = SubResource("BoxMesh_8tesr")

[node name="Box_53" type="MeshInstance3D" parent="."]
transform = Transform3D(0.958526, 0.239123, 0.155073, 0, 0.544109, -0.839015, -0.285005, 0.804218, 0.521542, 6.97717, -0.230402, 15.9103)
mesh = SubResource("BoxMesh_iiieu")

[node name="Box_54" type="MeshInstance3D" parent="."]
transform = Transform3D(0.673325, 0.420854, 0.607878, 0, 0.822182, -0.569224, -0.739347, 0.383273, 0.553596, 10.128, 0.495418, -7.67573)
mesh = SubResource("BoxMesh_oyghp")

[node name="Box_55" type="MeshInstance3D" parent="."]
transform = Transform3D(0.626407, 0.524169, 0.576941, 0, 0.740146, -0.672446, -0.779496, 0.421225, 0.463633, -10.0345, 0.631752, -4.97224)
mesh = SubResource("BoxMesh_8dngg")

[node name="Box_56" type="MeshInstance3D" parent="."]
transform = Transform3D(0.946152, 0.00214209, 0.323716, 0, 0.999978, -0.00661705, -0.323723, 0.00626073, 0.946131, -9.67212, -0.747666, 1.35351)
mesh = SubResource("BoxMesh_tk1ku")

[node name="Box_57" type="MeshInstance3D" parent="."]
transform = Transform3D(0.630477, 0.0360103, 0.775372, 0, 0.998923, -0.0463926, -0.776208, 0.0292494, 0.629798, 6.3406, -0.681218, 19.4554)
mesh = SubResource("BoxMesh_5cqyn")

[node name="Box_58" type="MeshInstance3D" parent="."]
transform = Transform3D(0.992065, 0.0154779, 0.124771, 0, 0.992393, -0.123106, -0.125728, 0.12213, 0.984519, 16.432, -0.474238, -14.7533)
mesh = SubResource("BoxMesh_41rys")

[node name="Box_59" type="MeshInstance3D" parent="."]
transform = Transform3D(0.999002, 0.0205544, 0.0396644, 0, 0.887867, -0.4601, -0.0446738, 0.459641, 0.886981, -5.91383, 0.44904, 20.928)
mesh = SubResource("BoxMesh_f5k0o")

[node name="Box_60" type="MeshInstance3D" parent="."]
transform = Transform3D(0.742351, 0.561039, 0.366266, 0, 0.546657, -0.837357, -0.670011, 0.621613, 0.405811, -8.37298, -0.320708, 7.60654)
mesh = SubResource("BoxMesh_ah701")

[node name="Box_61" type="MeshInstance3D" parent="."]
transform = Transform3D(0.763577, 0.320213, 0.560726, 0, 0.868378, -0.495904, -0.645717, 0.37866, 0.663073, 10.9717, 0.956365, -0.256873)
mesh = SubResource("BoxMesh_o0ew2")

[node name="Box_62" type="MeshInstance3D" parent="."]
transform = Transform3D(0.838247, 0.052128, 0.542794, 0, 0.99542, -0.0955966, -0.545291, 0.0801335, 0.834408, 10.1379, -0.700752, 17.0261)
mesh = SubResource("BoxMesh_fpmwn")

[node name="Box_63" type="MeshInstance3D" parent="."]
transform = Transform3D(0.868334, 0.00880069, 0.495902, 0, 0.999843, -0.017744, -0.49598, 0.0154077, 0.868197, -11.6112, 0.942961, -11.4283)
mesh = SubResource("BoxMesh_arnq7")

[node name="Box_64" type="MeshInstance3D" parent="."]
